10625
13894
18750
18810
10743
23691
16336
3570
6451
11740
20294
23496
18721
6483
16160
10346
32513
10888
9858
12471
21692
2289
29511
24679
29746
22272
23433
26115
31058
15829
1314
12151
29764
17022
3588
1463
25755
32408
22217
1195
1312
3558
24535
22630
6723
11744
32206
10364
3823
22548
14748
5714
31908
23499
6798
7709
7078
3367
8029
5835
10554
20894
31972
6259
12699
6908
31444
30429
17862
30594
26499
15895
17604
7797
12653
14226
17736
1255
5129
1748
11648
31707
32596
10611
31043
4191
1958
25518
29179
12046
27194
2055
7883
16264
18466
24634
25715
10679
11527
21697
23622
20370
24337
18465
26101
30638
21111
12489
12908
11189
